function(lambda) =  0.908141796733253
function(mu) =  0.0834043251816183
char =  NA
