function(lambda) =  0.795033441553824
function(mu) =  0.261016448494047
char =  NA
