function(lambda) =  0.880001104343683
function(mu) =  0.314765779301524
char =  NA
