function(lambda) =  0.559333120519295
function(mu) =  0.0227860105223954
char =  NA
