function(lambda) =  0.833043685369194
function(mu) =  0.266172401839867
char =  NA
