function(lambda) =  0.986022922280245
function(mu) =  0.350717281922698
char =  NA
