function(lambda) =  0.742894068732858
function(mu) =  0.407925315666944
char =  NA
