function(lambda) =  0.536067280569114
function(mu) =  0.078323018271476
char =  NA
