function(lambda) =  0.593733245739713
function(mu) =  0.0638801404275
char =  NA
