function(lambda) =  0.168516003130935
function(mu) =  0.0248093060217798
char =  NA
