function(lambda) =  0.46854932133574
function(mu) =  0.0747863438446075
char =  NA
