function(lambda) =  0.441336642252281
function(mu) =  0.164044083096087
char =  NA
