function(lambda) =  0.345313752721995
function(mu) =  0.174313316121697
char =  NA
