function(lambda) =  0.686550267483108
function(mu) =  0.221070137806237
char =  NA
