function(lambda) =  0.458665909594856
function(mu) =  0.0198972073849291
char =  NA
