function(lambda) =  0.487268639937975
function(mu) =  0.112617436097935
char =  NA
