function(lambda) =  0.633402392454445
function(mu) =  0.308635860681534
char =  NA
