function(lambda) =  0.383223788579926
function(mu) =  0.10104634007439
char =  NA
