function(lambda) =  0.91275921955239
function(mu) =  0.293621998047456
char =  NA
