function(lambda) =  0.863769381004386
function(mu) =  0.351844664197415
char =  NA
