function(lambda) =  0.979787836573087
function(mu) =  0.389346471754834
char =  NA
