function(lambda) =  0.547356470115483
function(mu) =  0.0831339783035219
char =  NA
