function(lambda) =  0.769648178084753
function(mu) =  0.438108822796494
char =  NA
