function(lambda) =  0.767503160214983
function(mu) =  0.151045214617625
char =  NA
