function(lambda) =  0.263938204827718
function(mu) =  0.00290160556323826
char =  NA
