function(lambda) =  0.552853773790412
function(mu) =  0.179989006835967
char =  NA
