function(lambda) =  0.984223629417829
function(mu) =  0.333350620465353
char =  NA
