function(lambda) =  0.345755858090706
function(mu) =  0.168119924608618
char =  NA
