function(lambda) =  0.488128627184778
function(mu) =  0.128395182313398
char =  NA
