function(lambda) =  0.461056471755728
function(mu) =  0.340099275112152
char =  NA
