function(lambda) =  0.773975095245987
function(mu) =  0.292432400165126
char =  NA
