function(lambda) =  0.79780463327188
function(mu) =  0.0399805975612253
char =  NA
