function(lambda) =  0.645586237218231
function(mu) =  0.320614951429889
char =  NA
