function(lambda) =  0.766101776412688
function(mu) =  0.201765400590375
char =  NA
