function(lambda) =  0.744602132542059
function(mu) =  0.0949057510588318
char =  NA
