function(lambda) =  0.552983419620432
function(mu) =  0.208145374432206
char =  NA
