function(lambda) =  0.463411221187562
function(mu) =  0.0519005150999874
char =  NA
