function(lambda) =  0.418298813118599
function(mu) =  0.282321435399354
char =  NA
