function(lambda) =  0.499295231187716
function(mu) =  0.0225512608885765
char =  NA
