function(lambda) =  0.522291187895462
function(mu) =  0.019196487031877
char =  NA
