function(lambda) =  0.496806436474435
function(mu) =  0.474993077106774
char =  NA
