function(lambda) =  0.362681207386777
function(mu) =  0.250130705768242
char =  NA
