function(lambda) =  0.50480059699621
function(mu) =  0.47502884734422
char =  NA
