function(lambda) =  0.85365758461412
function(mu) =  0.384703900665045
char =  NA
