function(lambda) =  0.306989639322273
function(mu) =  0.0197241855785251
char =  NA
