function(lambda) =  0.816482805320993
function(mu) =  0.290091694099829
char =  NA
