function(lambda) =  0.984365210030228
function(mu) =  0.108572208089754
char =  NA
