function(lambda) =  0.416352660721168
function(mu) =  0.167323777917773
char =  NA
