function(lambda) =  0.800883937883191
function(mu) =  0.437158025568351
char =  NA
