function(lambda) =  0.433535470860079
function(mu) =  0.324447499588132
char =  NA
