function(lambda) =  0.962435666518286
function(mu) =  0.302977906307206
char =  NA
