function(lambda) =  0.722246585297398
function(mu) =  0.223236677469686
char =  NA
