function(lambda) =  0.870383103680797
function(mu) =  0.323414822807536
char =  NA
