function(lambda) =  0.2481813370483
function(mu) =  0.118634324753657
char =  NA
