function(lambda) =  0.523458789312281
function(mu) =  0.194785384926945
char =  NA
