function(lambda) =  0.457599212252535
function(mu) =  0.0295769362710416
char =  NA
