function(lambda) =  0.45730840023607
function(mu) =  0.199313181685284
char =  NA
