function(lambda) =  0.93555502416566
function(mu) =  0.288592299679294
char =  NA
