function(lambda) =  0.973075170768425
function(mu) =  0.129616343183443
char =  NA
