function(lambda) =  0.964937701914459
function(mu) =  0.561057182494551
char =  NA
