function(lambda) =  0.259511477849446
function(mu) =  0.0842810689937323
char =  NA
