function(lambda) =  0.948745428421535
function(mu) =  0.620015352265909
char =  NA
