function(lambda) =  0.988611732586287
function(mu) =  0.649791032541543
char =  NA
