function(lambda) =  0.301378732151352
function(mu) =  0.0669507477432489
char =  NA
