function(lambda) =  0.709932436724193
function(mu) =  0.313360819825903
char =  NA
