function(lambda) =  0.795576140237972
function(mu) =  0.138145616743714
char =  NA
