function(lambda) =  0.321651990013197
function(mu) =  0.0198707396630198
char =  NA
