function(lambda) =  0.903649043408222
function(mu) =  0.591311196796596
char =  NA
