function(lambda) =  0.938285738416016
function(mu) =  0.584548284532502
char =  NA
