function(lambda) =  0.410985950240865
function(mu) =  0.237527889898047
char =  NA
