function(lambda) =  0.738806883012876
function(mu) =  0.131691990187392
char =  NA
