function(lambda) =  0.673790311045013
function(mu) =  0.303704649442807
char =  NA
