function(lambda) =  0.899377275607549
function(mu) =  0.59142807405442
char =  NA
