function(lambda) =  0.678569715400226
function(mu) =  0.263404475292191
char =  NA
