function(lambda) =  0.853083031135611
function(mu) =  0.337104100733995
char =  NA
