function(lambda) =  0.129646360268816
function(mu) =  0.000151519197970629
char =  NA
