function(lambda) =  0.633067046967335
function(mu) =  0.101194222224876
char =  NA
