function(lambda) =  0.74520551788155
function(mu) =  0.00836531212553382
char =  NA
