function(lambda) =  0.42578956282232
function(mu) =  0.289816239383072
char =  NA
