function(lambda) =  0.867052965797484
function(mu) =  8.96379351615906e-05
char =  NA
