function(lambda) =  0.905896067782305
function(mu) =  0.225297074299306
char =  NA
