function(lambda) =  0.97784706724342
function(mu) =  0.10527270543389
char =  NA
