function(lambda) =  0.129861747729592
function(mu) =  0.0988699304871261
char =  NA
