function(lambda) =  0.416933672875166
function(mu) =  0.0320515271741897
char =  NA
