function(lambda) =  0.359093268145807
function(mu) =  0.197472129482776
char =  NA
