function(lambda) =  0.926225030515343
function(mu) =  0.511413931846619
char =  NA
