function(lambda) =  0.775249007903039
function(mu) =  0.459352374309674
char =  NA
