function(lambda) =  0.844740008888766
function(mu) =  0.712709910934791
char =  NA
