function(lambda) =  0.739214085089043
function(mu) =  0.249464456690475
char =  NA
