function(lambda) =  0.470227305428125
function(mu) =  0.245931269135326
char =  NA
