function(lambda) =  0.515995455556549
function(mu) =  0.317351754521951
char =  NA
