function(lambda) =  0.193497282965109
function(mu) =  0.120647924253717
char =  NA
