function(lambda) =  0.566552627435885
function(mu) =  0.0552107975818217
char =  NA
