function(lambda) =  0.854814678058028
function(mu) =  0.0976519249379635
char =  NA
