function(lambda) =  0.547621053899638
function(mu) =  0.462301243562251
char =  NA
