function(lambda) =  0.662474595708773
function(mu) =  0.182751776417717
char =  NA
