function(lambda) =  0.631196672213264
function(mu) =  0.0147657147608697
char =  NA
