function(lambda) =  0.446872745756991
function(mu) =  0.012999800266698
char =  NA
