function(lambda) =  0.338524793786928
function(mu) =  0.16596229467541
char =  NA
