function(lambda) =  0.850979391578585
function(mu) =  0.306347697973251
char =  NA
