function(lambda) =  0.915321689518169
function(mu) =  0.027377542341128
char =  NA
