function(lambda) =  0.706720629939809
function(mu) =  0.459347807103768
char =  NA
