function(lambda) =  0.872558418987319
function(mu) =  0.0228879374917597
char =  NA
