function(lambda) =  0.963259340426885
function(mu) =  0.095492624444887
char =  NA
