function(lambda) =  0.799607572471723
function(mu) =  0.554638303350657
char =  NA
