function(lambda) =  0.992754634702578
function(mu) =  0.474471187219024
char =  NA
