function(lambda) =  0.918710828456096
function(mu) =  0.506569280056283
char =  NA
