function(lambda) =  0.84718550122343
function(mu) =  0.223681756993756
char =  NA
