num_states =  2
lambda111 =  0.263179906453006
lambda112 =  0.288311524626333
lambda122 =  0.151461075248662
lambda211 =  0.400041747549549
lambda212 =  0.373388630680274
lambda222 =  0.572641431603115
mu1 =  0.367275865282863
mu2 =  0.113149039505515
q12 =  0.541089544259012
q21 =  0.477533110417426
