num_states =  2
lambda111 =  0.439577552936971
lambda112 =  0.184530297534075
lambda122 =  0.560625595361926
lambda211 =  0.110495528760366
lambda212 =  0.224256929100957
lambda222 =  0.306657321671955
mu1 =  0.73464182135649
mu2 =  0.26719417545246
q12 =  0.183708976209164
q21 =  0.179506303369999
