num_states =  2
lambda111 =  0.381882549857255
lambda112 =  0.664960631581489
lambda122 =  0.286285901519004
lambda211 =  0.540060574221425
lambda212 =  0.238161519283894
lambda222 =  0.389378367322497
mu1 =  0.659898381039966
mu2 =  0.314049293054268
q12 =  0.307331205531955
q21 =  0.203037426806986
