num_states =  2
lambda111 =  0.571350825191476
lambda112 =  0.640702589354478
lambda122 =  0.477296079930384
lambda211 =  0.341847907844931
lambda212 =  0.620130811540876
lambda222 =  0.497401246561203
mu1 =  0.150175162008964
mu2 =  0.324962072249036
q12 =  0.401103822886944
q21 =  0.628981500305235
