num_states =  2
lambda111 =  0.4194304953143
lambda112 =  0.488378131568898
lambda122 =  0.452050784248859
lambda211 =  0.510373423043639
lambda212 =  0.385444235992618
lambda222 =  0.566833641363773
mu1 =  0.251898373186123
mu2 =  0.30631532042753
q12 =  0.411994812265039
q21 =  0.236585607752204
