num_states =  2
lambda111 =  0.196892537549138
lambda112 =  0.321230504922569
lambda122 =  0.56640310253948
lambda211 =  0.280588963080663
lambda212 =  0.698010193903465
lambda222 =  0.671761712466832
mu1 =  0.258119520207401
mu2 =  0.39079204009613
q12 =  0.372014023736119
q21 =  0.715738788247108
