num_states =  2
lambda111 =  0.155330248170067
lambda112 =  0.552740517661441
lambda122 =  0.553052929926198
lambda211 =  0.451634004758671
lambda212 =  0.284306549807079
lambda222 =  0.117213890969288
mu1 =  0.566208700533025
mu2 =  0.225702687108424
q12 =  0.260441898554564
q21 =  0.74367181956768
