num_states =  2
lambda111 =  0.146891944261733
lambda112 =  0.138918907330371
lambda122 =  0.394622293000575
lambda211 =  0.193702499971259
lambda212 =  0.259826685311273
lambda222 =  0.171011170689017
mu1 =  0.4553427171777
mu2 =  0.0203947931877337
q12 =  0.670969941839576
q21 =  0.237983666732907
