num_states =  2
lambda111 =  0.229742921984289
lambda112 =  0.470348035721108
lambda122 =  0.12244938015705
lambda211 =  0.662050394609105
lambda212 =  0.260289537734352
lambda222 =  0.685073856113013
mu1 =  0.377756456611678
mu2 =  0.308092189079616
q12 =  0.287797208502889
q21 =  0.34465077649802
