num_states =  2
lambda111 =  0.247441033467185
lambda112 =  0.67941204700619
lambda122 =  0.582481061269064
lambda211 =  0.15695272937417
lambda212 =  0.116139343786053
lambda222 =  0.721446016209666
mu1 =  0.187316889641806
mu2 =  0.453182902070694
q12 =  0.652027491480112
q21 =  0.741369219124317
