num_states =  2
lambda111 =  0.491788090986665
lambda112 =  0.447715551380534
lambda122 =  0.160350723247975
lambda211 =  0.337093027827796
lambda212 =  0.408253680979833
lambda222 =  0.239070179089904
mu1 =  0.00535779527854174
mu2 =  0.426728278573137
q12 =  0.686808567680419
q21 =  0.178837094455957
