num_states =  2
lambda111 =  0.35633166004438
lambda112 =  0.445321032374632
lambda122 =  0.240247803858947
lambda211 =  0.190798007997219
lambda212 =  0.719260603790171
lambda222 =  0.727728258441202
mu1 =  0.450576156552415
mu2 =  0.023873369093053
q12 =  0.550348931923509
q21 =  0.772586092166603
