num_states =  2
lambda111 =  0.358660915247165
lambda112 =  0.64193149974104
lambda122 =  0.587229901014362
lambda211 =  0.498514771459159
lambda212 =  0.259558587393258
lambda222 =  0.292705685019027
mu1 =  0.632115145388525
mu2 =  0.382232415082399
q12 =  0.860512960143387
q21 =  0.851196614652872
