num_states =  2
lambda111 =  0.34207924751332
lambda112 =  0.127575927213766
lambda122 =  0.514376682548318
lambda211 =  0.111837761534844
lambda212 =  0.295700263718609
lambda222 =  0.217761731606442
mu1 =  0.576432331872638
mu2 =  0.345560609421227
q12 =  0.549841714650393
q21 =  0.195756183378398
