num_states =  2
lambda111 =  0.364983103156555
lambda112 =  0.431171205600258
lambda122 =  0.326492444924079
lambda211 =  0.421283975294791
lambda212 =  0.444073413999286
lambda222 =  0.486095176951494
mu1 =  0.34309639048297
mu2 =  0.10271859151544
q12 =  0.585944349132478
q21 =  0.8518783275038
