num_states =  2
lambda111 =  0.319373857462779
lambda112 =  0.673988363430835
lambda122 =  0.596998661521357
lambda211 =  0.336292466870509
lambda212 =  0.132585267561954
lambda222 =  0.272552849687636
mu1 =  0.345284063194413
mu2 =  0.188658949336968
q12 =  0.540927135013044
q21 =  0.543282281421125
