num_states =  2
lambda111 =  0.591576541736722
lambda112 =  0.46945430343505
lambda122 =  0.510833606563974
lambda211 =  0.313161972318776
lambda212 =  0.628973869255278
lambda222 =  0.601617385400459
mu1 =  0.648450488748495
mu2 =  0.395023279997986
q12 =  0.367576352506876
q21 =  0.396287475898862
