num_states =  2
lambda111 =  0.660453027493786
lambda112 =  0.115415850384161
lambda122 =  0.374727267073467
lambda211 =  0.307737440180499
lambda212 =  0.722864032473881
lambda222 =  0.238139591889922
mu1 =  0.168263473198749
mu2 =  0.603210124885663
q12 =  0.197254227846861
q21 =  0.298875498957932
