num_states =  2
lambda111 =  0.716750666585285
lambda112 =  0.402502954506781
lambda122 =  0.184302315593231
lambda211 =  0.161171024697833
lambda212 =  0.155174917443655
lambda222 =  0.200430279395077
mu1 =  0.416817441000603
mu2 =  0.630310659762472
q12 =  0.283783093467355
q21 =  0.219948855228722
