num_states =  2
lambda111 =  0.350030342969112
lambda112 =  0.122298372481018
lambda122 =  0.240480649964884
lambda211 =  0.340719555024989
lambda212 =  0.573408068378922
lambda222 =  0.154043120353017
mu1 =  0.45714103319915
mu2 =  0.518444201094098
q12 =  0.532385652512312
q21 =  0.203325443901122
