num_states =  2
lambda111 =  0.356026023521554
lambda112 =  0.654819299292285
lambda122 =  0.716412976093125
lambda211 =  0.588400647509843
lambda212 =  0.207094568710309
lambda222 =  0.402259060654324
mu1 =  0.0517486551543698
mu2 =  0.337728019512724
q12 =  0.17189470846206
q21 =  0.170315985567868
