num_states =  2
lambda111 =  0.160345092809293
lambda112 =  0.405190884128679
lambda122 =  0.172128653542604
lambda211 =  0.683616561726667
lambda212 =  0.463971709057223
lambda222 =  0.243262229543179
mu1 =  0.358735681569669
mu2 =  0.0145267392508686
q12 =  0.826401936076582
q21 =  0.821807501465082
