num_states =  2
lambda111 =  0.257784847831354
lambda112 =  0.466860230446328
lambda122 =  0.386014683553949
lambda211 =  0.57779892296996
lambda212 =  0.327830164106563
lambda222 =  0.533772678521927
mu1 =  0.602071980305482
mu2 =  0.0555808644276112
q12 =  0.769066818803549
q21 =  0.308629366382957
