lambda =  0.555308641912416
mu =  0.392887560650706
