lambda =  0.959677852946334
mu =  0.641005182405934
