lambda =  0.445673141186126
mu =  0.354823346948251
