lambda =  0.773975095245987
mu =  0.292432400165126
