lambda =  0.828500342438929
mu =  0.300536629278213
