lambda =  0.901956389308907
mu =  0.206236316822469
