lambda =  0.819235738948919
mu =  0.57962629548274
