lambda =  0.401124055264518
mu =  0.112601590109989
