lambda =  0.833043685369194
mu =  0.266172401839867
