lambda =  0.745393180311657
mu =  0.0740756154991686
