lambda =  0.952658195537515
mu =  0.468348390655592
