lambda =  0.535736992303282
mu =  0.168530273716897
