lambda =  0.534987041214481
mu =  0.0538431198801845
