lambda =  0.345755858090706
mu =  0.168119924608618
