lambda =  0.20891675001476
mu =  0.0126646037679166
