lambda =  0.21407969139982
mu =  0.058783340966329
