lambda =  0.688937582704239
mu =  0.184245085110888
