lambda =  0.810370558290742
mu =  0.147571622394025
