lambda =  0.627575423708186
mu =  0.0376653550192714
