lambda =  0.872558418987319
mu =  0.0228879374917597
