lambda =  0.37461850810796
mu =  0.216226276708767
