lambda =  0.797061815392226
mu =  0.191417393507436
