lambda =  0.738806883012876
mu =  0.131691990187392
