lambda =  0.292515719262883
mu =  0.110981688369066
