lambda =  0.814402603241615
mu =  0.404922343790531
