lambda =  0.585132004297338
mu =  0.244666005251929
