lambda =  0.631850375165232
mu =  0.0338566415011883
