lambda =  0.870383103680797
mu =  0.323414822807536
