lambda =  0.999941502907313
mu =  0.202233527321368
