lambda =  0.787859928864054
mu =  0.0497492817230523
