lambda =  0.717592699313536
mu =  0.230861231451854
