lambda =  0.299178655445576
mu =  0.136219209758565
