lambda =  0.136439003050327
mu =  0.0602257607970387
