lambda =  0.326491152099334
mu =  0.0126631495077163
