lambda =  0.858495437027887
mu =  0.0732009643688798
