lambda =  0.816482805320993
mu =  0.290091694099829
