lambda =  0.686550267483108
mu =  0.221070137806237
