lambda =  0.854485661326908
mu =  0.138640593737364
