lambda =  0.774372088792734
mu =  0.333868846995756
