lambda =  0.301580249448307
mu =  0.055191638180986
