lambda =  0.363924297061749
mu =  0.171092371223494
