lambda =  0.658226136933081
mu =  0.0529770061839372
