lambda =  0.390360005781986
mu =  0.123666499275714
