lambda =  0.459808646934107
mu =  0.320151477353647
