lambda =  0.2481813370483
mu =  0.118634324753657
