lambda =  0.253064937051386
mu =  0.0609444854781032
