lambda =  0.945654227165505
mu =  0.586704199435189
