lambda =  0.657976604951546
mu =  0.497879905626178
