lambda =  0.508211281406693
mu =  0.180278295185417
