lambda =  0.185121758421883
mu =  0.0421693259850144
