lambda =  0.673790311045013
mu =  0.303704649442807
