lambda =  0.804878355632536
mu =  0.354420710820705
