lambda =  0.601233495911583
mu =  0.0579994008876383
