lambda =  0.751687813363969
mu =  0.100912739289925
