lambda =  0.787895163032226
mu =  0.0221449250821024
