lambda =  0.912915713875554
mu =  0.236430408200249
