lambda =  0.741799947060645
mu =  0.351231166161597
