lambda =  0.336999587691389
mu =  0.00528655527159572
