lambda =  0.92110880818218
mu =  0.536998501978815
