lambda =  0.988611732586287
mu =  0.649791032541543
