lambda =  0.703223500447348
mu =  0.210300664417446
