lambda =  0.922752024140209
mu =  0.119114705128595
