lambda =  0.885771715897135
mu =  0.270170961273834
