lambda =  0.289528930746019
mu =  0.107978724176064
