lambda =  0.697657236969098
mu =  0.143116868566722
