lambda =  0.984223629417829
mu =  0.333350620465353
