lambda =  0.552983419620432
mu =  0.208145374432206
