lambda =  0.716136420541443
mu =  0.520586902275681
