lambda =  0.536067280569114
mu =  0.078323018271476
