lambda =  0.953923221491277
mu =  0.307858497137204
