lambda =  0.201356189325452
mu =  0.169049449730664
