lambda =  0.446872745756991
mu =  0.012999800266698
