lambda =  0.627741746022366
mu =  0.360151330707595
