lambda =  0.920713455602527
mu =  0.2378919350449
