lambda =  0.621087920339778
mu =  0.285782762570307
