lambda =  0.777008544560522
mu =  0.355882182251662
