lambda =  0.764234054950066
mu =  0.647609453415498
