lambda =  0.922374790091999
mu =  0.368712617317215
