lambda =  0.168516003130935
mu =  0.0248093060217798
