lambda =  0.718160447315313
mu =  0.0302245214115828
