lambda =  0.874412038526498
mu =  0.7333570625633
