lambda =  0.831910591619089
mu =  0.290999368531629
