lambda =  0.676874168915674
mu =  0.20285141444765
