lambda =  0.392612484260462
mu =  0.123348026303574
