lambda =  0.941102476138622
mu =  0.159699058858678
