lambda =  0.870817280607298
mu =  0.513266283320263
