lambda =  0.404609031206928
mu =  0.0498669387307018
