lambda =  0.705445753782988
mu =  0.150202378164977
