lambda =  0.843610322172754
mu =  0.365968837402761
