lambda =  0.410985950240865
mu =  0.237527889898047
