lambda =  0.832639854284935
mu =  0.00390862370841205
