lambda =  0.737619821541011
mu =  0.228793082060292
