lambda =  0.940650967112742
mu =  0.172927586361766
