lambda =  0.94786777778063
mu =  0.72939846245572
