lambda =  0.910389053495601
mu =  0.706476283958182
