lambda =  0.598421590146609
mu =  0.143997412873432
