lambda =  0.368523399764672
mu =  0.212790908757597
