lambda =  0.95534065454267
mu =  0.338471078546718
