lambda =  0.667326685623266
mu =  0.120529275853187
