lambda =  0.988641121215187
mu =  0.0143454908393323
