lambda =  0.312814575876109
mu =  0.141531814355403
