lambda =  0.742894068732858
mu =  0.407925315666944
