lambda =  0.926530740316957
mu =  0.554260663921013
