lambda =  0.799607572471723
mu =  0.554638303350657
