lambda =  0.228870382439345
mu =  0.0687028474640101
