lambda =  0.992754634702578
mu =  0.474471187219024
