lambda =  0.779881133837625
mu =  0.119980150135234
