lambda =  0.128981118579395
mu =  0.0196734701748937
