lambda =  0.420473808445968
mu =  0.00574122276157141
