lambda =  0.568741643591784
mu =  0.0689478986896574
