lambda =  0.858047445677221
mu =  0.338362510781735
