lambda =  0.487812151876278
mu =  0.243835014756769
