lambda =  0.470713798422366
mu =  0.0778449152130634
