lambda =  0.918710828456096
mu =  0.506569280056283
