lambda =  0.350902612134814
mu =  0.112674459815025
