lambda =  0.943031781958416
mu =  0.136044402839616
