lambda =  0.915043285652064
mu =  0.29310987982899
