lambda =  0.418298813118599
mu =  0.282321435399354
