lambda =  0.674469360662624
mu =  0.119184704497457
