lambda =  0.4257708405843
mu =  0.067543589277193
