lambda =  0.517207426996902
mu =  0.135396766709164
