lambda =  0.814907191088423
mu =  0.106188835576177
