lambda =  0.173309078160673
mu =  0.0491650721523911
