lambda =  0.662319344631396
mu =  0.0953534392174333
