lambda =  0.652503949310631
mu =  0.0289785887580365
