lambda =  0.786827423609793
mu =  0.157514817314222
