lambda =  0.239227491989732
mu =  0.0979579405393451
