lambda =  0.315809727017768
mu =  0.256700994446874
