lambda =  0.921118859341368
mu =  0.320981819182634
