lambda =  0.654007944371551
mu =  0.415333029115573
