lambda =  0.680566481081769
mu =  0.063814515247941
