lambda =  0.626386046945117
mu =  0.26873980066739
