lambda =  0.999883783445694
mu =  0.42794250138104
