lambda =  0.860958081879653
mu =  0.0796637686435133
