lambda =  0.706736241024919
mu =  0.0221125483512878
