lambda =  0.733918311912566
mu =  0.284466651035473
