lambda =  0.599003781424835
mu =  0.258417183998972
