lambda =  0.441336642252281
mu =  0.164044083096087
