lambda =  0.972536933771335
mu =  0.275806349469349
