lambda =  0.886053945263848
mu =  0.107512494781986
