lambda =  0.941680897236802
mu =  0.109801886137575
