lambda =  0.846088103065267
mu =  0.44679482281208
