lambda =  0.87391405205708
mu =  0.138199151493609
