lambda =  0.983195632160641
mu =  0.0984507515095174
