lambda =  0.845366358337924
mu =  0.563130169175565
