lambda =  0.224540686258115
mu =  0.0256477007642388
