lambda =  0.605204644449987
mu =  0.0839136939030141
