lambda =  0.461993791698478
mu =  0.0971237937919796
