lambda =  0.376888519851491
mu =  0.0429919462185353
