lambda =  0.722311297361739
mu =  0.106528822565451
