lambda =  0.78748077955097
mu =  0.133388323476538
