lambda =  0.312506970926188
mu =  0.0885375291109085
