lambda =  0.359093268145807
mu =  0.197472129482776
