lambda =  0.924365133349784
mu =  0.459141542436555
