lambda =  0.583537883660756
mu =  0.345187337836251
