lambda =  0.879533647280186
mu =  0.289191518211737
