lambda =  0.414711353532039
mu =  0.0573865175247192
