lambda =  0.864950155839324
mu =  0.376515659736469
