lambda =  0.43791899101343
mu =  0.212717907503247
