lambda =  0.816740908217616
mu =  0.627289024647325
