lambda =  0.602894579991698
mu =  0.310971040278673
