lambda =  0.963259340426885
mu =  0.095492624444887
