lambda =  0.908141796733253
mu =  0.0834043251816183
