lambda =  0.949630752275698
mu =  0.04665068234317
