lambda =  0.593733245739713
mu =  0.0638801404275
