lambda =  0.588121581054293
mu =  0.383337988518178
