lambda =  0.877911474509165
mu =  0.680075158830732
