lambda =  0.687377045629546
mu =  0.0365343927405775
