lambda =  0.840481403190643
mu =  0.00450324756093323
