lambda =  0.754119735397399
mu =  0.100491856690496
