lambda =  0.453061413741671
mu =  0.383438419084996
