lambda =  0.948581513180397
mu =  0.770041663199663
