lambda =  0.384150687931106
mu =  0.0660509297158569
