lambda =  0.948745428421535
mu =  0.620015352265909
