lambda =  0.90776413269341
mu =  0.205511377193034
