lambda =  0.855954417819157
mu =  0.306354084052145
