lambda =  0.643480881256983
mu =  0.240533681819215
