lambda =  0.605528159718961
mu =  0.142116541741416
