lambda =  0.993059324217029
mu =  0.668086935766041
