lambda =  0.587584191467613
mu =  0.460000123130158
