lambda =  0.463305535027757
mu =  0.00851948908530176
