lambda =  0.633402392454445
mu =  0.308635860681534
