lambda =  0.696589080546983
mu =  0.487962054554373
