lambda =  0.537048969278112
mu =  0.403066684259102
