lambda =  0.457856389787048
mu =  0.126017570029944
