lambda =  0.470933301188052
mu =  0.282824431313202
