lambda =  0.794317284831777
mu =  0.316288131987676
