lambda =  0.552853773790412
mu =  0.179989006835967
