lambda =  0.667748337052762
mu =  0.254190022824332
