lambda =  0.90458158084657
mu =  0.186074462486431
