lambda =  0.931995436921716
mu =  0.431212082272395
