lambda =  0.905340381758288
mu =  0.112579675391316
