lambda =  0.929038160247728
mu =  0.34422793937847
