lambda =  0.997866497817449
mu =  0.604867130052298
