lambda =  0.94720351845026
mu =  0.517439519055188
