lambda =  0.774371255212463
mu =  0.0928992936387658
