lambda =  0.844740008888766
mu =  0.712709910934791
