lambda =  0.832124410406686
mu =  0.333839347353205
