lambda =  0.880001104343683
mu =  0.314765779301524
