lambda =  0.547621053899638
mu =  0.462301243562251
