lambda =  0.795033441553824
mu =  0.261016448494047
