lambda =  0.559333120519295
mu =  0.0227860105223954
