lambda =  0.905896067782305
mu =  0.225297074299306
