lambda =  0.631196672213264
mu =  0.0147657147608697
