lambda =  0.259511477849446
mu =  0.0842810689937323
