lambda =  0.986022922280245
mu =  0.350717281922698
