lambda =  0.338524793786928
mu =  0.16596229467541
