lambda =  0.263938204827718
mu =  0.00290160556323826
