lambda =  0.85365758461412
mu =  0.384703900665045
