lambda =  0.926225030515343
mu =  0.511413931846619
