lambda =  0.458665909594856
mu =  0.0198972073849291
