lambda =  0.97784706724342
mu =  0.10527270543389
