lambda =  0.775249007903039
mu =  0.459352374309674
