lambda =  0.91275921955239
mu =  0.293621998047456
