lambda =  0.84718550122343
mu =  0.223681756993756
