lambda =  0.964937701914459
mu =  0.561057182494551
