lambda =  0.709932436724193
mu =  0.313360819825903
