lambda =  0.915321689518169
mu =  0.027377542341128
