lambda =  0.129861747729592
mu =  0.0988699304871261
