lambda =  0.457599212252535
mu =  0.0295769362710416
