lambda =  0.416933672875166
mu =  0.0320515271741897
