lambda =  0.850979391578585
mu =  0.306347697973251
