lambda =  0.461056471755728
mu =  0.340099275112152
