lambda =  0.979787836573087
mu =  0.389346471754834
