lambda =  0.767503160214983
mu =  0.151045214617625
