lambda =  0.470227305428125
mu =  0.245931269135326
