lambda =  0.45730840023607
mu =  0.199313181685284
