lambda =  0.962435666518286
mu =  0.302977906307206
