lambda =  0.463411221187562
mu =  0.0519005150999874
