lambda =  0.74520551788155
mu =  0.00836531212553382
