lambda =  0.938285738416016
mu =  0.584548284532502
