lambda =  0.79780463327188
mu =  0.0399805975612253
