lambda =  0.795576140237972
mu =  0.138145616743714
