lambda =  0.193497282965109
mu =  0.120647924253717
