lambda =  0.321651990013197
mu =  0.0198707396630198
