lambda =  0.899377275607549
mu =  0.59142807405442
