lambda =  0.416352660721168
mu =  0.167323777917773
