lambda =  0.93555502416566
mu =  0.288592299679294
