lambda =  0.46854932133574
mu =  0.0747863438446075
