lambda =  0.722246585297398
mu =  0.223236677469686
