lambda =  0.863769381004386
mu =  0.351844664197415
