lambda =  0.766101776412688
mu =  0.201765400590375
