lambda =  0.678569715400226
mu =  0.263404475292191
