lambda =  0.769648178084753
mu =  0.438108822796494
