lambda =  0.984365210030228
mu =  0.108572208089754
