lambda =  0.42578956282232
mu =  0.289816239383072
