lambda =  0.739214085089043
mu =  0.249464456690475
