lambda =  0.522291187895462
mu =  0.019196487031877
