lambda =  0.523458789312281
mu =  0.194785384926945
