lambda =  0.633067046967335
mu =  0.101194222224876
