lambda =  0.433535470860079
mu =  0.324447499588132
