lambda =  0.973075170768425
mu =  0.129616343183443
