lambda =  0.362681207386777
mu =  0.250130705768242
