lambda =  0.50480059699621
mu =  0.47502884734422
