lambda =  0.515995455556549
mu =  0.317351754521951
