lambda =  0.903649043408222
mu =  0.591311196796596
