lambda =  0.499295231187716
mu =  0.0225512608885765
