lambda =  0.854814678058028
mu =  0.0976519249379635
