lambda =  0.645586237218231
mu =  0.320614951429889
