lambda =  0.662474595708773
mu =  0.182751776417717
