lambda =  0.706720629939809
mu =  0.459347807103768
