lambda =  0.496806436474435
mu =  0.474993077106774
