lambda =  0.853083031135611
mu =  0.337104100733995
