lambda =  0.383223788579926
mu =  0.10104634007439
