lambda =  0.345313752721995
mu =  0.174313316121697
