lambda =  0.487268639937975
mu =  0.112617436097935
