lambda =  0.306989639322273
mu =  0.0197241855785251
