lambda =  0.800883937883191
mu =  0.437158025568351
