lambda =  0.301378732151352
mu =  0.0669507477432489
