lambda =  0.129646360268816
mu =  0.000151519197970629
