lambda =  0.566552627435885
mu =  0.0552107975818217
