lambda =  0.744602132542059
mu =  0.0949057510588318
