lambda1 =  0.448440006438177
lambda2 =  0.71007633005036
mu1 =  0.0196945283096284
mu2 =  0.493852570129093
q12 =  0.144934879988432
q21 =  0.728323974274099
