lambda1 =  0.662485821214504
lambda2 =  0.327156221498735
mu1 =  0.288007525959983
mu2 =  0.301446051278617
q12 =  0.435763071291149
q21 =  0.563665282726288
