lambda1 =  0.346997857636306
lambda2 =  0.642858719532378
mu1 =  0.00600287946872413
mu2 =  0.100831573130563
q12 =  0.666486603580415
q21 =  0.865468844212592
