lambda1 =  0.54878186924383
lambda2 =  0.619297205621842
mu1 =  0.0266935503459536
mu2 =  0.0365742520079948
q12 =  0.829309488460422
q21 =  0.165771573409438
