lambda1 =  0.599784011740703
lambda2 =  0.507084693710785
mu1 =  0.399656609573867
mu2 =  0.649923266319092
q12 =  0.377589957788587
q21 =  0.240253469906747
