lambda1 =  0.690759217131417
lambda2 =  0.570748965840321
mu1 =  0.021387716056779
mu2 =  0.743758362717927
q12 =  0.370487857051194
q21 =  0.492696450650692
