lambda1 =  0.172907776001375
lambda2 =  0.431229930408299
mu1 =  0.51033795933472
mu2 =  0.0563528871280141
q12 =  0.213957086764276
q21 =  0.316132584773004
