lambda1 =  0.633196396538988
lambda2 =  0.558899356841575
mu1 =  0.149030759988818
mu2 =  0.417540141264908
q12 =  0.773510403558612
q21 =  0.586908615753055
