lambda1 =  0.265656321828719
lambda2 =  0.361331850874703
mu1 =  0.400810495018959
mu2 =  0.0446853229659609
q12 =  0.424973240680993
q21 =  0.243380947783589
