lambda1 =  0.67796545668738
lambda2 =  0.521523746079765
mu1 =  0.055213604005985
mu2 =  0.347408930654638
q12 =  0.167283056862652
q21 =  0.652182392962277
