lambda1 =  0.174337826750707
lambda2 =  0.257311051660217
mu1 =  0.0689234604360536
mu2 =  0.0797575742471963
q12 =  0.71425652988255
q21 =  0.441475602425635
