lambda1 =  0.481844663373195
lambda2 =  0.595379510321654
mu1 =  0.118363271467388
mu2 =  0.0533523577032611
q12 =  0.70907008908689
q21 =  0.432464518025517
