lambda1 =  0.417748135491274
lambda2 =  0.721307762647048
mu1 =  0.284750289225485
mu2 =  0.0254296133061871
q12 =  0.574459830485284
q21 =  0.463215922378004
