lambda1 =  0.619347187811509
lambda2 =  0.633650690724608
mu1 =  0.206792440207209
mu2 =  0.715076656197198
q12 =  0.320771455019712
q21 =  0.336091724224389
