lambda1 =  0.553344707516953
lambda2 =  0.638318418709096
mu1 =  0.31110795767745
mu2 =  0.53440039884299
q12 =  0.251644125394523
q21 =  0.782907791249454
