lambda1 =  0.5420242041233
lambda2 =  0.550682788218837
mu1 =  0.306028427788988
mu2 =  0.730715298559517
q12 =  0.666923073679209
q21 =  0.540633851289749
