lambda1 =  0.424265317292884
lambda2 =  0.335432353224605
mu1 =  0.048107800714206
mu2 =  0.344993540318683
q12 =  0.576401727646589
q21 =  0.554461836442351
