lambda1 =  0.29696833898779
lambda2 =  0.593548108818941
mu1 =  0.232224955048878
mu2 =  0.367410515667871
q12 =  0.885807962343097
q21 =  0.825810128077865
