lambda1 =  0.703169554895721
lambda2 =  0.482756129377522
mu1 =  0.0313415655400604
mu2 =  0.608023125794716
q12 =  0.830128329060972
q21 =  0.590848176367581
