lambda1 =  0.536797343727667
lambda2 =  0.672751059532166
mu1 =  0.428357382654212
mu2 =  0.358459172712173
q12 =  0.81439202260226
q21 =  0.289385731332004
