lambda1 =  0.30443345739739
lambda2 =  0.421034469045699
mu1 =  0.0442021444905549
mu2 =  0.338261984987184
q12 =  0.20073976200074
q21 =  0.572790732979774
