lambda1 =  0.698868883547839
lambda2 =  0.691286107231863
mu1 =  0.2036326630041
mu2 =  0.714927678520326
q12 =  0.123079799488187
q21 =  0.835739769972861
