lambda1 =  0.532319060019217
lambda2 =  0.278584276521578
mu1 =  0.348139678593725
mu2 =  0.295704088232014
q12 =  0.628397355042398
q21 =  0.830922632291913
