lambda1 =  0.567195191215724
lambda2 =  0.131714652271476
mu1 =  0.424067658721469
mu2 =  0.557862752059009
q12 =  0.172405424527824
q21 =  0.629980062507093
