lambda1 =  0.433439828231931
lambda2 =  0.400387894334272
mu1 =  0.0868812823318876
mu2 =  0.261236877122428
q12 =  0.142841244861484
q21 =  0.703463956713676
