lambda1 =  0.558208260354586
lambda2 =  0.659979579988867
mu1 =  0.0163237901288085
mu2 =  0.375971821602434
q12 =  0.126875249482691
q21 =  0.589794815517962
