lambda1 =  0.679596418093424
lambda2 =  0.483086075577885
mu1 =  0.521663010469638
mu2 =  0.237278712855186
q12 =  0.596103137731552
q21 =  0.849158397130668
