lambda1 =  0.291060672525782
lambda2 =  0.167467042692006
mu1 =  0.175370573415421
mu2 =  0.036375441821292
q12 =  0.144160406850278
q21 =  0.580131570622325
