lambda1 =  0.72259301394457
lambda2 =  0.462571889003739
mu1 =  0.0874611512990668
mu2 =  0.441620518220589
q12 =  0.269171825796366
q21 =  0.813939545862377
