lambda1 =  0.473994954098016
lambda2 =  0.346094894716516
mu1 =  0.530372945708223
mu2 =  0.249868504470214
q12 =  0.546851616352797
q21 =  0.170613574236631
