lambda1 =  0.448841773625463
lambda2 =  0.370850808979012
mu1 =  0.408772711409256
mu2 =  0.0314790785196237
q12 =  0.318863764032722
q21 =  0.280855870619416
