lambda1 =  0.437658756787423
lambda2 =  0.487315715095028
mu1 =  0.431146020011511
mu2 =  0.0140339317149483
q12 =  0.883451265841723
q21 =  0.152136586233974
