lambda1 =  0.375575380411465
lambda2 =  0.665697750248946
mu1 =  0.309190214902628
mu2 =  0.0477979821735062
q12 =  0.246126190200448
q21 =  0.772184441424906
