lambda1 =  0.716849774334114
lambda2 =  0.591798061544541
mu1 =  0.338399056519847
mu2 =  0.0177573079126887
q12 =  0.182852543331683
q21 =  0.111001028679311
