lambda1 =  0.385625937003642
lambda2 =  0.518391551156528
mu1 =  0.0708706673467532
mu2 =  0.205029361706693
q12 =  0.689649488963187
q21 =  0.819125508144498
