lambda1 =  0.615964940097183
lambda2 =  0.625440422149841
mu1 =  0.129425354709383
mu2 =  0.479906341060996
q12 =  0.114579373411834
q21 =  0.334899861365557
