lambda1 =  0.275407531531528
lambda2 =  0.568217154047452
mu1 =  0.652405019500293
mu2 =  0.208976048743352
q12 =  0.420467338338494
q21 =  0.704356565885246
