lambda1 =  0.125548620475456
lambda2 =  0.585463408487849
mu1 =  0.0500330564682372
mu2 =  0.165657021570951
q12 =  0.476794349588454
q21 =  0.786791983991861
