lambda1 =  0.72652290524682
lambda2 =  0.396911913494114
mu1 =  0.303942120750435
mu2 =  0.0516768002416939
q12 =  0.484910100325942
q21 =  0.344000599347055
