lambda1 =  0.546639773284551
lambda2 =  0.343552049698774
mu1 =  0.596830055757891
mu2 =  0.0403614784008823
q12 =  0.474809384346008
q21 =  0.137627220526338
