lambda1 =  0.641858672653325
lambda2 =  0.483061750205234
mu1 =  0.0909043705905788
mu2 =  0.598195095662959
q12 =  0.215402024053037
q21 =  0.403858501464128
