lambda1 =  0.44174967687577
lambda2 =  0.69343541942304
mu1 =  0.238020726770628
mu2 =  0.383982116589323
q12 =  0.296279144100845
q21 =  0.227887395955622
