lambda1 =  0.677396839293651
lambda2 =  0.430275937980041
mu1 =  0.373053597926628
mu2 =  0.187609830521978
q12 =  0.515955022908747
q21 =  0.584028346836567
