lambda1 =  0.521459483976942
lambda2 =  0.685928414568771
mu1 =  0.116399640566669
mu2 =  0.306206676992588
q12 =  0.137444776110351
q21 =  0.628740951046348
