lambda1 =  0.688303671709728
lambda2 =  0.425403682568576
mu1 =  0.176207688404247
mu2 =  0.077759332198184
q12 =  0.809132872149348
q21 =  0.223894582502544
