lambda1 =  0.220758534611668
lambda2 =  0.639221062446013
mu1 =  0.0898675895878114
mu2 =  0.198245202249382
q12 =  0.777419370599091
q21 =  0.322981439344585
