lambda1 =  0.62594174945727
lambda2 =  0.602505078441463
mu1 =  0.333053914073389
mu2 =  0.462782702059485
q12 =  0.787030033394694
q21 =  0.562923358567059
