lambda1 =  0.426449868534692
lambda2 =  0.431625934261829
mu1 =  0.116660224855877
mu2 =  0.590297033661045
q12 =  0.837356325797737
q21 =  0.42992700189352
