lambda1 =  0.684926202057395
lambda2 =  0.300590868771542
mu1 =  0.287785740103573
mu2 =  0.0151824047206901
q12 =  0.598831522651017
q21 =  0.540837542898953
