lambda1 =  0.443605592679232
lambda2 =  0.404831436688546
mu1 =  0.0191650527413003
mu2 =  0.15477807802381
q12 =  0.103412104398012
q21 =  0.560758526809514
