lambda1 =  0.124624803296756
lambda2 =  0.458492299467325
mu1 =  0.207816138630733
mu2 =  0.688539187016431
q12 =  0.135880572348833
q21 =  0.13038509581238
