lambda1 =  0.663322152949404
lambda2 =  0.133196802290622
mu1 =  0.255410405632574
mu2 =  0.515333363204263
q12 =  0.835094721615315
q21 =  0.804714364558458
