lambda1 =  0.635546876962762
lambda2 =  0.303636951646768
mu1 =  0.587618324439973
mu2 =  0.0423052068217658
q12 =  0.305132008716464
q21 =  0.497311354987323
