lambda1 =  0.4043324835971
lambda2 =  0.328242322192527
mu1 =  0.0265838204068132
mu2 =  0.358464796619955
q12 =  0.129135676473379
q21 =  0.333784338645637
