lambda1 =  0.166759105054662
lambda2 =  0.246939127787482
mu1 =  0.0866281064227223
mu2 =  0.119323810678907
q12 =  0.614475028589368
q21 =  0.236507723666728
