lambda1 =  0.249005076042376
lambda2 =  0.565831013885327
mu1 =  0.0159639235935174
mu2 =  0.199134976544883
q12 =  0.890098425000906
q21 =  0.462927391752601
