lambda1 =  0.560371038073208
lambda2 =  0.432437042335514
mu1 =  0.0158981661661528
mu2 =  0.194452967843972
q12 =  0.865796735882759
q21 =  0.285646413825452
