lambda1 =  0.508589305784553
lambda2 =  0.628286306955852
mu1 =  0.555120005446952
mu2 =  0.0753592493128963
q12 =  0.643662389181554
q21 =  0.262495051883161
