lambda1 =  0.615087086278945
lambda2 =  0.492048544357531
mu1 =  0.010112929798197
mu2 =  0.673730049398728
q12 =  0.191059877164662
q21 =  0.513653696142137
