lambda1 =  0.629586987723596
lambda2 =  0.361518310292158
mu1 =  0.0730567186838016
mu2 =  0.24519864236936
q12 =  0.556828093901277
q21 =  0.677665520459414
