lambda1 =  0.561822987466585
lambda2 =  0.670241845769342
mu1 =  0.294861944275908
mu2 =  0.0965074535342865
q12 =  0.377109875530005
q21 =  0.237435588054359
