lambda1 =  0.589409723479766
lambda2 =  0.234269080776721
mu1 =  0.646370638569351
mu2 =  0.199578022118658
q12 =  0.740072128921747
q21 =  0.216733177565038
