lambda1 =  0.393055629928131
lambda2 =  0.605633055486251
mu1 =  0.0313175744377077
mu2 =  0.499230399553198
q12 =  0.212531139329076
q21 =  0.719248048774898
