lambda1 =  0.608168319177348
lambda2 =  0.627501724357717
mu1 =  0.107412675220985
mu2 =  0.297524569148663
q12 =  0.6665392966941
q21 =  0.280450257100165
