lambda1 =  0.709741229398642
lambda2 =  0.607444680999033
mu1 =  0.0747116123093292
mu2 =  0.21568093058886
q12 =  0.217337863333523
q21 =  0.591278386302292
