lambda1 =  0.35833236459177
lambda2 =  0.233779547833838
mu1 =  0.619617563963402
mu2 =  0.00891895318636671
q12 =  0.623181856796145
q21 =  0.352796570025384
