lambda1 =  0.464632455741521
lambda2 =  0.458738504461944
mu1 =  0.142294702178333
mu2 =  0.0841624335735105
q12 =  0.83373592980206
q21 =  0.403060222417116
