lambda1 =  0.449218428337481
lambda2 =  0.441429677563719
mu1 =  0.0134997715358622
mu2 =  0.354788296564948
q12 =  0.538567338697612
q21 =  0.119497334212065
