lambda1 =  0.229394409931265
lambda2 =  0.677826638687402
mu1 =  0.615796189347748
mu2 =  0.169679822924081
q12 =  0.751741332374513
q21 =  0.282800153829157
