lambda1 =  0.320128636360168
lambda2 =  0.39557516212808
mu1 =  0.0616878776927479
mu2 =  0.52618891390739
q12 =  0.21919965967536
q21 =  0.22105558346957
