lambda1 =  0.62945649238769
lambda2 =  0.479364979453385
mu1 =  0.181535907438956
mu2 =  0.320567286747973
q12 =  0.237308157421649
q21 =  0.819737823307514
