lambda1 =  0.652721215512138
lambda2 =  0.310922084213235
mu1 =  0.372695088561159
mu2 =  0.0499873923836276
q12 =  0.649031689204276
q21 =  0.634440571814775
