lambda1 =  0.161388655197807
lambda2 =  0.32680251524318
mu1 =  0.013476746971719
mu2 =  0.131657108198851
q12 =  0.857829150743783
q21 =  0.832505827024579
