lambda1 =  0.465029064663686
lambda2 =  0.701836012813728
mu1 =  0.614072383206803
mu2 =  0.228792176465504
q12 =  0.260614766925573
q21 =  0.797644489072263
