lambda1 =  0.630766007744242
lambda2 =  0.459156310148537
mu1 =  0.205256622866727
mu2 =  0.692210840061307
q12 =  0.293014908395708
q21 =  0.578914882801473
