lambda1 =  0.598752737159375
lambda2 =  0.594712342722341
mu1 =  0.043148027965799
mu2 =  0.146514226973522
q12 =  0.254038700833917
q21 =  0.131731618382037
