lambda1 =  0.548146360155661
lambda2 =  0.506787674392108
mu1 =  0.161015779478475
mu2 =  0.0164496484212577
q12 =  0.291289699077606
q21 =  0.717227420769632
