lambda1 =  0.600270622165408
lambda2 =  0.176444080204237
mu1 =  0.0662992045981809
mu2 =  0.408750020898879
q12 =  0.268015606328845
q21 =  0.620757000520825
