lambda1 =  0.337917426289059
lambda2 =  0.602523362368811
mu1 =  0.0342091080383398
mu2 =  0.566633369307965
q12 =  0.736598362401128
q21 =  0.833487052842975
