lambda1 =  0.392550130214076
lambda2 =  0.379795231311582
mu1 =  0.217811670619994
mu2 =  0.130791732575744
q12 =  0.897376246005297
q21 =  0.821619397960603
