lambda1 =  0.542377334060147
lambda2 =  0.102411193817388
mu1 =  0.15930134098744
mu2 =  0.308211700699758
q12 =  0.804752078279853
q21 =  0.738190947286785
