lambda1 =  0.604892841654364
lambda2 =  0.257653407268226
mu1 =  0.295021343801636
mu2 =  0.375121285615023
q12 =  0.36946552041918
q21 =  0.599619682691991
