lambda1 =  0.204885325680953
lambda2 =  0.28715679184068
mu1 =  0.294946986716241
mu2 =  0.0553849250427447
q12 =  0.73762083183974
q21 =  0.520970233157277
