lambda1 =  0.670747226963285
lambda2 =  0.493108108281158
mu1 =  0.0942317277076654
mu2 =  0.749266502272803
q12 =  0.336914647556841
q21 =  0.650101996213198
