lambda1 =  0.555161523858551
lambda2 =  0.266576880584471
mu1 =  0.719989457982592
mu2 =  0.0198122395668179
q12 =  0.723552762717009
q21 =  0.137140043824911
