lambda1 =  0.477556181994732
lambda2 =  0.455469015578274
mu1 =  0.0495153108495288
mu2 =  0.226753670722246
q12 =  0.599324591457844
q21 =  0.42137909643352
