lambda1 =  0.413310096107889
lambda2 =  0.644053329054732
mu1 =  0.0527429673238657
mu2 =  0.209236023947597
q12 =  0.753840268403292
q21 =  0.317568795010448
