lambda1 =  0.355249838542659
lambda2 =  0.476371624972671
mu1 =  0.173517872986849
mu2 =  0.616724678780884
q12 =  0.496021888405085
q21 =  0.419046976417303
