lambda1 =  0.35970261930488
lambda2 =  0.260759560184088
mu1 =  0.247112458222546
mu2 =  0.597447156265844
q12 =  0.128917134925723
q21 =  0.89384712446481
