lambda1 =  0.563176777858753
lambda2 =  0.4923599232384
mu1 =  0.0364576246356592
mu2 =  0.542648915201426
q12 =  0.352443246357143
q21 =  0.724255544506013
