lambda1 =  0.479909626741428
lambda2 =  0.129615910176653
mu1 =  0.0440412739408202
mu2 =  0.748971306835301
q12 =  0.417530319467187
q21 =  0.832192515954375
