lambda1 =  0.724240352835041
lambda2 =  0.359841505952645
mu1 =  0.0304438572493382
mu2 =  0.21000933117466
q12 =  0.481667940691114
q21 =  0.731566335819662
