lambda1 =  0.599708542006556
lambda2 =  0.570182947528083
mu1 =  0.194167086621746
mu2 =  0.0116161270416342
q12 =  0.254178765788674
q21 =  0.110224211588502
