lambda1 =  0.489122995994985
lambda2 =  0.616839362699538
mu1 =  0.543204915651586
mu2 =  0.0487234176252969
q12 =  0.576087204553187
q21 =  0.581783286295831
