lambda1 =  0.429737659681123
lambda2 =  0.722712387312204
mu1 =  0.403665101272054
mu2 =  0.184017175692134
q12 =  0.259099211916327
q21 =  0.21346592400223
