lambda1 =  0.374679653819185
lambda2 =  0.583947541257367
mu1 =  0.207702547777444
mu2 =  0.266438926162664
q12 =  0.617985855415463
q21 =  0.518937913142145
