lambda1 =  0.672868569288403
lambda2 =  0.706637400533073
mu1 =  0.437735510815401
mu2 =  0.363677290908527
q12 =  0.126233853586018
q21 =  0.627636704407632
