lambda1 =  0.568373702391982
lambda2 =  0.706411916315556
mu1 =  0.107766768545844
mu2 =  0.260976262798067
q12 =  0.415150699578226
q21 =  0.626695850491524
