lambda1 =  0.709565918059088
lambda2 =  0.16899535556091
mu1 =  0.231775190681219
mu2 =  0.325481749896426
q12 =  0.361208379082382
q21 =  0.109481472149491
