lambda1 =  0.210162383890711
lambda2 =  0.712348122214898
mu1 =  0.421388803166337
mu2 =  0.101598570530768
q12 =  0.825414703972638
q21 =  0.602654001861811
