lambda1 =  0.502763319481164
lambda2 =  0.626098580607213
mu1 =  0.133627541363239
mu2 =  0.280788138799835
q12 =  0.430672054179013
q21 =  0.363201000355184
