lambda1 =  0.173503346159123
lambda2 =  0.684022163508926
mu1 =  0.364729509106837
mu2 =  0.0470579292741604
q12 =  0.416739411093295
q21 =  0.360470239445567
