lambda1 =  0.692683204403147
lambda2 =  0.357172431442887
mu1 =  0.0923051552963443
mu2 =  0.731903337640688
q12 =  0.310130790993571
q21 =  0.262297294288874
