lambda1 =  0.611780636722688
lambda2 =  0.627499410721939
mu1 =  0.0402268136967905
mu2 =  0.712109129293822
q12 =  0.736407374963164
q21 =  0.239270753972232
