lambda1 =  0.127978586382233
lambda2 =  0.169693751595914
mu1 =  0.0626165204448625
mu2 =  0.0504017009516247
q12 =  0.608399695903063
q21 =  0.899979691766203
