lambda1 =  0.726562292794697
lambda2 =  0.517480626560282
mu1 =  0.146875523671042
mu2 =  0.743867135723121
q12 =  0.760694115422666
q21 =  0.55879930537194
