lambda1 =  0.240660329533275
lambda2 =  0.110663466476835
mu1 =  0.0821729844901711
mu2 =  0.349131773749832
q12 =  0.142700304090977
q21 =  0.118620925396681
