lambda1 =  0.174300877519418
lambda2 =  0.308095135781914
mu1 =  0.173907016811427
mu2 =  0.162917345180176
q12 =  0.392744652926922
q21 =  0.191294418275356
