lambda1 =  0.53068087724736
lambda2 =  0.683583557836246
mu1 =  0.115331497800071
mu2 =  0.0119049728382379
q12 =  0.664927225746214
q21 =  0.731792430579662
