lambda1 =  0.608375949396286
lambda2 =  0.686990199864376
mu1 =  0.115811029972974
mu2 =  0.293286354455631
q12 =  0.855563682131469
q21 =  0.541790785640478
