lambda1 =  0.478755578233395
lambda2 =  0.510527561674826
mu1 =  0.447774153552018
mu2 =  0.0230685420683585
q12 =  0.204733202420175
q21 =  0.495067725144327
