lambda1 =  0.693887745852116
lambda2 =  0.261310711849947
mu1 =  0.0431063178693876
mu2 =  0.433316216454841
q12 =  0.423836350254715
q21 =  0.768902840651572
