lambda1 =  0.245532983923331
lambda2 =  0.15319892536616
mu1 =  0.283981515385676
mu2 =  0.120725741959177
q12 =  0.3043571960181
q21 =  0.448053934797645
