lambda1 =  0.43320919763064
lambda2 =  0.672957457024604
mu1 =  0.0372246808838099
mu2 =  0.309715167037211
q12 =  0.869840460643172
q21 =  0.885394721664488
