lambda1 =  0.278646780771669
lambda2 =  0.600748632401228
mu1 =  0.363854524854105
mu2 =  0.410513926588465
q12 =  0.712068351358175
q21 =  0.606742411479354
