lambda1 =  0.621473542158492
lambda2 =  0.489686418159399
mu1 =  0.565685620182194
mu2 =  0.18977136479225
q12 =  0.406620131060481
q21 =  0.745692561753094
