lambda1 =  0.449569947398268
lambda2 =  0.724798900273163
mu1 =  0.151235384924803
mu2 =  0.580937643244397
q12 =  0.862238031066954
q21 =  0.800710202381015
