lambda1 =  0.347252041909378
lambda2 =  0.673084331776481
mu1 =  0.000126377446576953
mu2 =  0.0175666629220359
q12 =  0.570994261279702
q21 =  0.76950056925416
