lambda1 =  0.65515831990866
lambda2 =  0.217462426815182
mu1 =  0.299309039139189
mu2 =  0.139211536094081
q12 =  0.830765422806144
q21 =  0.334851709380746
