lambda1 =  0.617825380347203
lambda2 =  0.463661633017473
mu1 =  0.118459695484489
mu2 =  0.111328666680492
q12 =  0.674253300204873
q21 =  0.226978796347976
