lambda1 =  0.331143569091801
lambda2 =  0.36478607300669
mu1 =  0.52350954269059
mu2 =  0.00344399182358757
q12 =  0.431192394532263
q21 =  0.508162464946508
