lambda1 =  0.145632103059907
lambda2 =  0.625216585479211
mu1 =  0.0778623127844185
mu2 =  0.307244744617492
q12 =  0.819743452034891
q21 =  0.84082112070173
