lambda1 =  0.26413813568186
lambda2 =  0.608166447645053
mu1 =  0.210008786176331
mu2 =  0.104215442959685
q12 =  0.571912634186447
q21 =  0.491269761137664
