lambda1 =  0.25106273757061
lambda2 =  0.495753523360472
mu1 =  0.180388698354363
mu2 =  0.145954099658411
q12 =  0.890715232864022
q21 =  0.502945168316364
