lambda1 =  0.492906930807512
lambda2 =  0.25961375645129
mu1 =  0.225063363555819
mu2 =  0.67868806788465
q12 =  0.470581026561558
q21 =  0.597448128089309
