lambda1 =  0.6524321544962
lambda2 =  0.629134335804265
mu1 =  0.424037997086998
mu2 =  0.0666946765850298
q12 =  0.296648726053536
q21 =  0.863643066398799
