lambda1 =  0.589946678695269
lambda2 =  0.315338997386862
mu1 =  0.134790292941034
mu2 =  0.202776926045772
q12 =  0.367545416392386
q21 =  0.835483577288687
