lambda1 =  0.709037169041112
lambda2 =  0.603159133139998
mu1 =  0.654875514039304
mu2 =  0.26647383661475
q12 =  0.152834795415401
q21 =  0.65198990534991
