lambda1 =  0.635083560433704
lambda2 =  0.540848838277161
mu1 =  0.174328257562593
mu2 =  0.27995304367505
q12 =  0.503567306697369
q21 =  0.199004845693707
