lambda1 =  0.524746539359912
lambda2 =  0.396306920254137
mu1 =  0.160704504232854
mu2 =  0.146949029120151
q12 =  0.671756361052394
q21 =  0.716445590741932
