lambda1 =  0.2935816011508
lambda2 =  0.198505926295184
mu1 =  0.192712633288465
mu2 =  0.137675521080382
q12 =  0.645192956551909
q21 =  0.193976814113557
