lambda1 =  0.618142934448551
lambda2 =  0.672938888971694
mu1 =  0.0612724721431732
mu2 =  0.55822530988371
q12 =  0.510597484745085
q21 =  0.755973403155804
