lambda1 =  0.514406853837427
lambda2 =  0.375632491703145
mu1 =  0.123404049547389
mu2 =  0.451360948733054
q12 =  0.887421816401184
q21 =  0.70310132522136
