lambda1 =  0.464972659358755
lambda2 =  0.547214878040832
mu1 =  0.222772705368698
mu2 =  0.308164047833998
q12 =  0.5902817113325
q21 =  0.462556201405823
