lambda1 =  0.541947745743673
lambda2 =  0.554334606551565
mu1 =  0.291906908678357
mu2 =  0.383925844507758
q12 =  0.835269173793495
q21 =  0.873118887469173
