lambda1 =  0.259527467649896
lambda2 =  0.700677840304561
mu1 =  0.0634517786675133
mu2 =  0.0123191500897519
q12 =  0.50065164770931
q21 =  0.844550093822181
