lambda1 =  0.384412164334208
lambda2 =  0.400493534330744
mu1 =  0.110550326295197
mu2 =  0.305279102758504
q12 =  0.613121003471315
q21 =  0.50995657723397
