lambda1 =  0.585765000658576
lambda2 =  0.435440832599998
mu1 =  0.136016792908777
mu2 =  0.0666875715251081
q12 =  0.516744569502771
q21 =  0.410936068743467
