lambda1 =  0.66818433429813
lambda2 =  0.469143547518179
mu1 =  0.070012528100051
mu2 =  0.200723261106759
q12 =  0.675565832480788
q21 =  0.269847031310201
