lambda1 =  0.551837086235173
lambda2 =  0.608202018346637
mu1 =  0.0423840841976926
mu2 =  0.332866807992104
q12 =  0.541885634697974
q21 =  0.777077782154083
