lambda1 =  0.717011078004725
lambda2 =  0.417181635177694
mu1 =  0.532340270408895
mu2 =  0.112109398876783
q12 =  0.619457255117595
q21 =  0.8620057458058
