lambda1 =  0.501271589281969
lambda2 =  0.261480701812543
mu1 =  0.0241312751895748
mu2 =  0.376717253413517
q12 =  0.815195077471435
q21 =  0.209615471400321
