lambda1 =  0.563858489694539
lambda2 =  0.420801473176107
mu1 =  0.0222493865294382
mu2 =  0.0405917937168851
q12 =  0.747655281424522
q21 =  0.259433804824948
