lambda1 =  0.241084770439193
lambda2 =  0.669389081837144
mu1 =  0.636697121837642
mu2 =  0.407626539759804
q12 =  0.325518208742142
q21 =  0.124841611646116
