lambda1 =  0.271049020169303
lambda2 =  0.227180048094597
mu1 =  0.0411379847209901
mu2 =  0.55764097336214
q12 =  0.448924255184829
q21 =  0.396893424727023
