lambda1 =  0.521129100807011
lambda2 =  0.146610461492091
mu1 =  0.051771477505099
mu2 =  0.278898299206048
q12 =  0.386815991252661
q21 =  0.819489972665906
