lambda1 =  0.481991825012956
lambda2 =  0.373157704218756
mu1 =  0.71889837901108
mu2 =  0.00293246522778645
q12 =  0.814652399346232
q21 =  0.517697853036225
