lambda1 =  0.67784411013592
lambda2 =  0.202311970242299
mu1 =  0.194675731763709
mu2 =  0.580699175829068
q12 =  0.720469890907407
q21 =  0.617104644700885
