lambda1 =  0.378015502670314
lambda2 =  0.431546518453397
mu1 =  0.0711697165388614
mu2 =  0.0632858358439989
q12 =  0.160826628096402
q21 =  0.278516684100032
