lambda1 =  0.451840536759701
lambda2 =  0.662171774751041
mu1 =  0.24156095192302
mu2 =  0.533420369785745
q12 =  0.33953097909689
q21 =  0.836381826363504
