lambda1 =  0.343447101607453
lambda2 =  0.568740205299109
mu1 =  0.482357000175398
mu2 =  0.0556771723204292
q12 =  0.495317271351814
q21 =  0.269835268519819
