lambda1 =  0.550852746351156
lambda2 =  0.556734125844669
mu1 =  0.241374936013017
mu2 =  0.685763088113163
q12 =  0.788438635692
q21 =  0.500327173434198
