lambda1 =  0.144496454505716
lambda2 =  0.577448277701624
mu1 =  0.238639464194421
mu2 =  0.0893506117863581
q12 =  0.822199998609722
q21 =  0.523354792408645
