lambda1 =  0.701933484603651
lambda2 =  0.597620985833928
mu1 =  0.436551806051284
mu2 =  0.217270896595437
q12 =  0.247295528277755
q21 =  0.835471516102552
