lambda1 =  0.386720806278754
lambda2 =  0.557371290547308
mu1 =  0.216208559344523
mu2 =  0.455352980992757
q12 =  0.380871038511395
q21 =  0.74121401142329
