lambda1 =  0.696801962342579
lambda2 =  0.475760662455577
mu1 =  0.191741031885613
mu2 =  0.534750382241327
q12 =  0.457383594848216
q21 =  0.248963003791869
