lambda1 =  0.622530185177457
lambda2 =  0.533165211908054
mu1 =  0.553997842187528
mu2 =  0.0842857547686435
q12 =  0.354540670290589
q21 =  0.819901668094099
