lambda1 =  0.248307721165475
lambda2 =  0.511892607370392
mu1 =  0.113442105415743
mu2 =  0.449272041558288
q12 =  0.834297085739672
q21 =  0.118035227991641
