lambda1 =  0.385080128717236
lambda2 =  0.6076291449368
mu1 =  0.468272241123486
mu2 =  0.343952087801881
q12 =  0.747601117379963
q21 =  0.660454850271344
