lambda1 =  0.568901447949465
lambda2 =  0.147746941007208
mu1 =  0.170233326090965
mu2 =  0.484893037355505
q12 =  0.5734937755391
q21 =  0.733443707413971
