lambda1 =  0.33754568165401
lambda2 =  0.32666392122861
mu1 =  0.0291251987800933
mu2 =  0.268102982256096
q12 =  0.365423154272139
q21 =  0.723425749130547
