lambda1 =  0.634369227257557
lambda2 =  0.347559147318825
mu1 =  0.397171561256982
mu2 =  0.00867478083819151
q12 =  0.818803323432803
q21 =  0.705858260951936
