lambda1 =  0.334778324048966
lambda2 =  0.530818525741342
mu1 =  0.362957373086829
mu2 =  0.00616151309804991
q12 =  0.723714597709477
q21 =  0.248904793150723
