lambda1 =  0.625937250826973
lambda2 =  0.308249934928026
mu1 =  0.303326572466176
mu2 =  0.634976959379856
q12 =  0.644586283154786
q21 =  0.682234924100339
