lambda1 =  0.643966347321402
lambda2 =  0.553551800141577
mu1 =  0.129440853197593
mu2 =  0.317026882257778
q12 =  0.186475998163223
q21 =  0.49910528473556
