lambda1 =  0.59328745507868
lambda2 =  0.1353774702386
mu1 =  0.00837018841411918
mu2 =  0.211042414011899
q12 =  0.376751748844981
q21 =  0.596105602942407
