lambda1 =  0.717447649033275
lambda2 =  0.5208864542027
mu1 =  0.473588136141188
mu2 =  0.479729592043441
q12 =  0.154452606849372
q21 =  0.711442369222641
