lambda1 =  0.166784623696003
lambda2 =  0.29253917893162
mu1 =  0.0622927521471865
mu2 =  0.483158631424885
q12 =  0.84707314837724
q21 =  0.530053760111332
