lambda1 =  0.579818495684303
lambda2 =  0.570905635345262
mu1 =  0.0813366603688337
mu2 =  0.4564562261221
q12 =  0.166981706768274
q21 =  0.798659317567945
