lambda1 =  0.559359341899399
lambda2 =  0.328983202846721
mu1 =  0.0932187382131815
mu2 =  0.395298148796428
q12 =  0.263394998013973
q21 =  0.254647176712751
