lambda1 =  0.462389106643386
lambda2 =  0.497972617787309
mu1 =  0.166113686689641
mu2 =  0.350258669641335
q12 =  0.21101195961237
q21 =  0.470287356898189
