lambda1 =  0.649671547550242
lambda2 =  0.63877103879815
mu1 =  0.0820351021829993
mu2 =  0.674295200093184
q12 =  0.229844163544476
q21 =  0.864371650852263
