lambda1 =  0.676618187981658
lambda2 =  0.600329783796333
mu1 =  0.0113527018111199
mu2 =  0.195265143702272
q12 =  0.662303425744176
q21 =  0.785100967250764
