lambda1 =  0.653647310242523
lambda2 =  0.357605979328509
mu1 =  0.272822555853054
mu2 =  0.043543295993004
q12 =  0.439439158700407
q21 =  0.432395341061056
