lambda1 =  0.4675984086073
lambda2 =  0.260147483167239
mu1 =  0.12554586539045
mu2 =  0.10250726348022
q12 =  0.233650025911629
q21 =  0.38187850676477
