lambda1 =  0.253478358290158
lambda2 =  0.643291653401684
mu1 =  0.260276956250891
mu2 =  0.0844624321907759
q12 =  0.441398456692696
q21 =  0.551647702045739
