lambda1 =  0.72843124038307
lambda2 =  0.38806886326056
mu1 =  0.426955156610347
mu2 =  0.320774222142063
q12 =  0.638610825501382
q21 =  0.768997232802212
