lambda1 =  0.623821154190227
lambda2 =  0.678155686012469
mu1 =  0.50628695479827
mu2 =  0.338109130330849
q12 =  0.875534738227725
q21 =  0.340685633942485
