lambda1 =  0.310971184542868
lambda2 =  0.466751039393712
mu1 =  0.344332187552936
mu2 =  0.351019390043803
q12 =  0.25175057426095
q21 =  0.133708196692169
