lambda1 =  0.223970616343431
lambda2 =  0.556693663988262
mu1 =  0.518415810191073
mu2 =  0.472744549449999
q12 =  0.433441593497992
q21 =  0.150898200273514
