lambda1 =  0.509047722797841
lambda2 =  0.169385094863828
mu1 =  0.179328337311745
mu2 =  0.375239996938035
q12 =  0.360515688359737
q21 =  0.323976765573025
