lambda1 =  0.124729062709957
lambda2 =  0.67615307912929
mu1 =  0.501021253061481
mu2 =  0.300571583909914
q12 =  0.77675801422447
q21 =  0.376616608910263
