lambda1 =  0.717973548141308
lambda2 =  0.526225614896976
mu1 =  0.229850657866336
mu2 =  0.323502302693669
q12 =  0.25422172807157
q21 =  0.217382923699915
