lambda1 =  0.502827673701104
lambda2 =  0.570619937777519
mu1 =  0.348082515411079
mu2 =  0.175837380462326
q12 =  0.13252651784569
q21 =  0.455018277466297
