lambda1 =  0.621260216960218
lambda2 =  0.279747970043682
mu1 =  0.177976104605477
mu2 =  0.493371889286209
q12 =  0.133467840217054
q21 =  0.774895614571869
