lambda1 =  0.367336813840084
lambda2 =  0.523246320451144
mu1 =  0.0657271056552418
mu2 =  0.0789724705391563
q12 =  0.34680942222476
q21 =  0.805629471503198
