lambda1 =  0.526049688367639
lambda2 =  0.328003492581192
mu1 =  0.00363014516187832
mu2 =  0.530198207299691
q12 =  0.118692122027278
q21 =  0.357024359330535
