lambda1 =  0.302068798565306
lambda2 =  0.321636524752248
mu1 =  0.0762579726870172
mu2 =  0.0937050834763795
q12 =  0.228785164095461
q21 =  0.692953687906265
