lambda1 =  0.538324260318186
lambda2 =  0.393390472123865
mu1 =  0.204440276662353
mu2 =  0.359196856676135
q12 =  0.643199667334557
q21 =  0.236280868202448
