lambda1 =  0.55285424049478
lambda2 =  0.650088996943086
mu1 =  0.51925087266136
mu2 =  0.126308217120823
q12 =  0.765788767114282
q21 =  0.144227681867778
