lambda1 =  0.414152905817609
lambda2 =  0.719335517887957
mu1 =  0.0663718833820894
mu2 =  0.35108758835122
q12 =  0.550563879311085
q21 =  0.156420412100852
