lambda1 =  0.646906790493522
lambda2 =  0.53285659302026
mu1 =  0.360987973690499
mu2 =  0.657642038539052
q12 =  0.402194634266198
q21 =  0.563020742684603
