lambda1 =  0.655898711080663
lambda2 =  0.444679404832423
mu1 =  0.478976393002085
mu2 =  0.347101343446411
q12 =  0.680461014248431
q21 =  0.869366090372205
