lambda1 =  0.551623505514581
lambda2 =  0.402713879966177
mu1 =  0.198082120798063
mu2 =  0.144857679319102
q12 =  0.335392649285495
q21 =  0.786384548246861
