lambda1 =  0.330281797044445
lambda2 =  0.564355377925094
mu1 =  0.106187768338714
mu2 =  0.32125994208036
q12 =  0.462577629461885
q21 =  0.391043910011649
