lambda1 =  0.550400076389778
lambda2 =  0.461515980134718
mu1 =  0.206912667257711
mu2 =  0.544709187699482
q12 =  0.125042120926082
q21 =  0.440494308434427
