lambda1 =  0.474445254097227
lambda2 =  0.421967445863411
mu1 =  0.214950452093035
mu2 =  0.0425727521069348
q12 =  0.670017479360104
q21 =  0.483582235127687
