lambda1 =  0.497502950311173
lambda2 =  0.539957715340424
mu1 =  0.120366362971254
mu2 =  0.658245941740461
q12 =  0.644224237836897
q21 =  0.541414748318493
