lambda1 =  0.264591518230736
lambda2 =  0.305501210649963
mu1 =  0.388869647984393
mu2 =  0.0293584554456174
q12 =  0.315579045563936
q21 =  0.436562867276371
