lambda1 =  0.597054382108618
lambda2 =  0.350900282782968
mu1 =  0.177457975340076
mu2 =  0.462756511406042
q12 =  0.237960347346962
q21 =  0.795674182847142
