lambda1 =  0.297205491275527
lambda2 =  0.415614042866509
mu1 =  0.278390341904014
mu2 =  0.111003686499316
q12 =  0.557989898882806
q21 =  0.419979390315712
