lambda1 =  0.332284273086116
lambda2 =  0.722735363051761
mu1 =  0.0812351763015613
mu2 =  0.151242202729918
q12 =  0.875846302509308
q21 =  0.643272688612342
