lambda1 =  0.447573395748623
lambda2 =  0.563951844524126
mu1 =  0.0539943246985786
mu2 =  0.0315123466425575
q12 =  0.896623183041811
q21 =  0.617889605462551
