lambda1 =  0.503447805391625
lambda2 =  0.456634535454214
mu1 =  0.281194152950775
mu2 =  0.0889722874271683
q12 =  0.413523573987186
q21 =  0.193345074541867
