lambda1 =  0.248533420420717
lambda2 =  0.588992141631898
mu1 =  0.361826330772601
mu2 =  0.16417667112546
q12 =  0.657448203861713
q21 =  0.307021410018206
