lambda1 =  0.434582889280282
lambda2 =  0.403681649183855
mu1 =  0.0131183528574184
mu2 =  0.645371208374854
q12 =  0.225761374272406
q21 =  0.442829185724258
