lambda1 =  0.421372054072563
lambda2 =  0.107556310393848
mu1 =  0.109226583328564
mu2 =  0.0980586865916848
q12 =  0.842868698015809
q21 =  0.608233706466854
