lambda1 =  0.677584513835609
lambda2 =  0.633641126386356
mu1 =  0.126296631933656
mu2 =  0.665648823254742
q12 =  0.202567281574011
q21 =  0.220815445668995
