lambda1 =  0.476147591599729
lambda2 =  0.518598588041496
mu1 =  0.196419983985834
mu2 =  0.170532644027844
q12 =  0.665171376988292
q21 =  0.569116846472025
