lambda1 =  0.141571881440468
lambda2 =  0.515745990860742
mu1 =  0.0481615423341282
mu2 =  0.330997801269405
q12 =  0.303656395711005
q21 =  0.574409437179565
