lambda1 =  0.69463958638953
lambda2 =  0.588364603021182
mu1 =  0.353613949671853
mu2 =  0.433609964267816
q12 =  0.428543918021023
q21 =  0.131890819035471
