lambda1 =  0.506693715814035
lambda2 =  0.520941477457527
mu1 =  0.485474804125261
mu2 =  0.186676603916567
q12 =  0.896848945692182
q21 =  0.81963260024786
