lambda1 =  0.717038646691944
lambda2 =  0.59610851886915
mu1 =  0.686327174829785
mu2 =  0.0499615921871737
q12 =  0.689893473871052
q21 =  0.873770677298307
