lambda1 =  0.533687721604947
lambda2 =  0.531651252147276
mu1 =  0.580837448942475
mu2 =  0.00918296881718561
q12 =  0.557911491021514
q21 =  0.662293151207268
