lambda1 =  0.112095702514052
lambda2 =  0.572305590787437
mu1 =  0.0215035467990674
mu2 =  0.139072520658374
q12 =  0.161777910776436
q21 =  0.52407753765583
