lambda1 =  0.698998420014977
lambda2 =  0.538167783408426
mu1 =  0.476999176957179
mu2 =  0.505725403607357
q12 =  0.561421536467969
q21 =  0.518779912404716
