lambda1 =  0.714416767829098
lambda2 =  0.102174066465814
mu1 =  0.0306428750627674
mu2 =  0.258378279162571
q12 =  0.324312493763864
q21 =  0.83093192409724
