lambda1 =  0.554501721228007
lambda2 =  0.72504314777907
mu1 =  0.413229871890508
mu2 =  0.33633018261753
q12 =  0.710997482575476
q21 =  0.382402804680169
