lambda1 =  0.719720805792604
lambda2 =  0.511383626421448
mu1 =  0.109098062559497
mu2 =  0.256694345385768
q12 =  0.649230078980327
q21 =  0.362977357767522
