lambda1 =  0.55043915575603
lambda2 =  0.104358139079995
mu1 =  0.441078252741136
mu2 =  0.616798114555422
q12 =  0.564093831367791
q21 =  0.414142945036292
