lambda1 =  0.534154606058728
lambda2 =  0.110147342050914
mu1 =  0.0279106590896845
mu2 =  0.700025479949545
q12 =  0.406254451721907
q21 =  0.736376156657934
