lambda1 =  0.446048758323304
lambda2 =  0.594296812093817
mu1 =  0.308448373514693
mu2 =  0.0981757678091526
q12 =  0.647903242334724
q21 =  0.42518492359668
