lambda1 =  0.397473257449456
lambda2 =  0.45630290518282
mu1 =  0.0638087798142806
mu2 =  0.0107754586497322
q12 =  0.319241493195295
q21 =  0.601681066118181
