lambda1 =  0.379571725998539
lambda2 =  0.181231890183408
mu1 =  0.0624003913253546
mu2 =  0.131557854067069
q12 =  0.558305544406176
q21 =  0.128570905700326
