lambda1 =  0.624356796150096
lambda2 =  0.567514052852057
mu1 =  0.0522904433892109
mu2 =  0.341066007851623
q12 =  0.690568839944899
q21 =  0.348324353992939
