lambda1 =  0.37647775733145
lambda2 =  0.555516755327117
mu1 =  0.00546045665396377
mu2 =  0.559393050440121
q12 =  0.352530014701188
q21 =  0.850644221715629
