lambda1 =  0.555914814067073
lambda2 =  0.251632665286306
mu1 =  0.0585791015764698
mu2 =  0.0874659190303646
q12 =  0.290200634114444
q21 =  0.47236897200346
