lambda1 =  0.475895921038464
lambda2 =  0.272465160940774
mu1 =  0.152201137156226
mu2 =  0.557583203364629
q12 =  0.28329242579639
q21 =  0.333473604544997
