lambda1 =  0.572991528422572
lambda2 =  0.184362256259192
mu1 =  0.216719323536381
mu2 =  0.235524764168076
q12 =  0.771870885789394
q21 =  0.81037186998874
