lambda1 =  0.513726620422676
lambda2 =  0.454356511156075
mu1 =  0.00367052550427616
mu2 =  0.336825859209057
q12 =  0.38617080245167
q21 =  0.832709907740355
