lambda1 =  0.554084583683871
lambda2 =  0.686216783092823
mu1 =  0.0825586234568618
mu2 =  0.49504417256685
q12 =  0.367379643768072
q21 =  0.587140861339867
