lambda1 =  0.159953506323509
lambda2 =  0.308311908037867
mu1 =  0.185095601482317
mu2 =  0.667632207507268
q12 =  0.176379825547338
q21 =  0.621981788985431
