lambda1 =  0.598259255208541
lambda2 =  0.562299140691757
mu1 =  0.0995170490350574
mu2 =  0.732339949579909
q12 =  0.750593994930387
q21 =  0.112462455406785
