lambda1 =  0.589846174961422
lambda2 =  0.295774990648497
mu1 =  0.13151539186947
mu2 =  0.393077681714203
q12 =  0.124089348129928
q21 =  0.721445456705987
