lambda1 =  0.694641321653034
lambda2 =  0.664633209360763
mu1 =  0.458212169527542
mu2 =  0.240814500139095
q12 =  0.297339804470539
q21 =  0.309520144015551
