lambda1 =  0.669710030776914
lambda2 =  0.594176690494642
mu1 =  0.123782705341
mu2 =  0.328908913303167
q12 =  0.813803781569004
q21 =  0.865346871130169
