lambda1 =  0.152770562735386
lambda2 =  0.237501073447056
mu1 =  0.704975317174103
mu2 =  0.0115051825996488
q12 =  0.465278732217848
q21 =  0.265229561366141
