lambda1 =  0.300248925050255
lambda2 =  0.508639668910764
mu1 =  0.33601382462075
mu2 =  0.0250824862159789
q12 =  0.542352682538331
q21 =  0.490008090436459
