lambda1 =  0.65003209174145
lambda2 =  0.470876596104354
mu1 =  0.124180475017056
mu2 =  0.15820718446048
q12 =  0.522230099327862
q21 =  0.489750970713794
