lambda1 =  0.690000414124224
lambda2 =  0.102940824402031
mu1 =  0.21596534724813
mu2 =  0.0382463554269634
q12 =  0.512970472499728
q21 =  0.69208674672991
