lambda1 =  0.489187295062002
lambda2 =  0.582657037964091
mu1 =  0.00993368192575872
mu2 =  0.224868449557107
q12 =  0.106617549620569
q21 =  0.417045428417623
