lambda1 =  0.220874398141168
lambda2 =  0.249026982754003
mu1 =  0.145806605054531
mu2 =  0.138836478232406
q12 =  0.115455180220306
q21 =  0.277701173536479
