lambda1 =  0.443663792067673
lambda2 =  0.293304624785669
mu1 =  0.238880015909672
mu2 =  0.152670561801642
q12 =  0.811934253573418
q21 =  0.583885930478573
