lambda1 =  0.274875126872212
lambda2 =  0.600928148857784
mu1 =  0.314630429260433
mu2 =  0.00228513713227585
q12 =  0.240344848297536
q21 =  0.679484061896801
