lambda1 =  0.161327095148154
lambda2 =  0.662456273769494
mu1 =  0.0481508286902681
mu2 =  0.511236617399845
q12 =  0.342690120078623
q21 =  0.873540575802326
