lambda1 =  0.205490377300885
lambda2 =  0.506190820022021
mu1 =  0.378329118189868
mu2 =  0.172961345175281
q12 =  0.695518010109663
q21 =  0.46290091201663
