lambda1 =  0.63393297981238
lambda2 =  0.719087385621388
mu1 =  0.154536304296926
mu2 =  0.686145350569859
q12 =  0.886522386036813
q21 =  0.718219622969627
