lambda1 =  0.629498551478609
lambda2 =  0.316064396204893
mu1 =  0.080980209633708
mu2 =  0.130638039205223
q12 =  0.735167966596782
q21 =  0.805631594359875
