lambda1 =  0.530343047699425
lambda2 =  0.685857813400216
mu1 =  0.675685151014477
mu2 =  0.289794775948394
q12 =  0.30097677577287
q21 =  0.114024825766683
