lambda1 =  0.399023127777036
lambda2 =  0.400632868949324
mu1 =  0.390497800544836
mu2 =  0.0145558258518577
q12 =  0.629939380660653
q21 =  0.294414214976132
