lambda1 =  0.616760601832066
lambda2 =  0.424250629160088
mu1 =  0.261624091188423
mu2 =  0.383379613340367
q12 =  0.49713828060776
q21 =  0.617290857993066
