lambda1 =  0.364910495947115
lambda2 =  0.556244808672927
mu1 =  0.00981396582210436
mu2 =  0.0689396794186905
q12 =  0.363670646958053
q21 =  0.360242212563753
