lambda1 =  0.513729229331948
lambda2 =  0.400375163103454
mu1 =  0.247219248733018
mu2 =  0.0727946562110446
q12 =  0.419449506141245
q21 =  0.635059087909758
