lambda1 =  0.117807075029705
lambda2 =  0.610354002080858
mu1 =  0.109970958845224
mu2 =  0.0652826360310428
q12 =  0.376973291672766
q21 =  0.181539113819599
