lambda1 =  0.541828095731326
lambda2 =  0.565886538063642
mu1 =  0.395767893001903
mu2 =  0.208912124682683
q12 =  0.108563829772174
q21 =  0.76090575568378
