lambda1 =  0.401125788956415
lambda2 =  0.200875472468324
mu1 =  0.208138651389163
mu2 =  0.198485486442223
q12 =  0.440400888770819
q21 =  0.330623762868345
