lambda1 =  0.684672151559498
lambda2 =  0.589787188030314
mu1 =  0.147568507818505
mu2 =  0.0644821370369755
q12 =  0.623718612268567
q21 =  0.766736770048738
