lambda1 =  0.100024787131697
lambda2 =  0.494364454459865
mu1 =  0.078637859725859
mu2 =  0.109622687625233
q12 =  0.173691288009286
q21 =  0.824921984411776
