sp_a =  0.796569612645544
sp_b =  0.432407465972938
s_ab =  0.346197810070589
mu_a =  0.349223858676851
mu_b =  0.233550227480009
dispersal_a_to_b =  0.238419176032767
dispersal_b_to_a =  0.148336807615124
