sp_a =  0.252046052180231
sp_b =  0.456205875286832
s_ab =  0.189414849574678
mu_a =  0.890194543870166
mu_b =  0.0698178256861866
dispersal_a_to_b =  0.789119283831678
dispersal_b_to_a =  0.737995434110053
