sp_a =  0.697523156064562
sp_b =  0.782112947991118
s_ab =  0.611142856348306
mu_a =  0.660839842399582
mu_b =  0.127343624597415
dispersal_a_to_b =  0.967080946802162
dispersal_b_to_a =  0.441464485554025
