sp_a =  0.781739982636645
sp_b =  0.544975907774642
s_ab =  0.543430698895827
mu_a =  0.666260206140578
mu_b =  0.804409885080531
dispersal_a_to_b =  0.595497689582407
dispersal_b_to_a =  0.693967152503319
