sp_a =  0.188702117907815
sp_b =  0.248988919588737
s_ab =  0.869253892218694
mu_a =  0.285305256489664
mu_b =  0.122119141975418
dispersal_a_to_b =  0.810184514406137
dispersal_b_to_a =  0.358802560064942
