sp_a =  0.891523262602277
sp_b =  0.299368283012882
s_ab =  0.558178165927529
mu_a =  0.799020008882508
mu_b =  0.290750779444352
dispersal_a_to_b =  0.530083627230488
dispersal_b_to_a =  0.720293042156845
