sp_a =  0.832201447221451
sp_b =  0.605620628455654
s_ab =  0.87358921894338
mu_a =  0.0338723063468933
mu_b =  0.621526906266809
dispersal_a_to_b =  0.353823748556897
dispersal_b_to_a =  0.622327462793328
