sp_a =  0.392642860068008
sp_b =  0.614307437185198
s_ab =  0.808549081045203
mu_a =  0.510401408188045
mu_b =  0.553293865174055
dispersal_a_to_b =  0.539253937872127
dispersal_b_to_a =  0.918671973096207
