sp_a =  0.742981032654643
sp_b =  0.10719122281298
s_ab =  0.906623095832765
mu_a =  0.582152429735288
mu_b =  0.797202818095684
dispersal_a_to_b =  0.992453087144531
dispersal_b_to_a =  0.656875194166787
